[gd_scene format=2]

[node name="body" type="Spatial" index="0"]

transform = Transform( 0.787284, 0, 0, 0, 0.787284, 0, 0, 0, 0.787284, 0, 0, 0 )

[node name="Skeleton" type="Skeleton" parent="." index="0"]

bones/0/name = "tailcloth_ik"
bones/0/parent = -1
bones/0/rest = Transform( 0, 0, -1, 0, 1, 0, 1, 0, 0, 0.542351, 1.34133, -0.141484 )
bones/0/enabled = true
bones/0/bound_children = [  ]
bones/1/name = "tailcloth_pole"
bones/1/parent = -1
bones/1/rest = Transform( -4.37114e-08, -1, 0, 0, 0, -1, 1, -4.37114e-08, 0, 0.232468, 1.71858, -0.141484 )
bones/1/enabled = true
bones/1/bound_children = [  ]
bones/2/name = "scarf_ik"
bones/2/parent = -1
bones/2/rest = Transform( -1.19209e-07, 0, -1, 0, 1, 0, 1, 0, -7.24724e-08, 0.332333, 2.43937, -0.154249 )
bones/2/enabled = true
bones/2/bound_children = [  ]
bones/3/name = "scarf_pole"
bones/3/parent = -1
bones/3/rest = Transform( -4.37114e-08, -1, 0, 0, 0, -1, 1, -4.37114e-08, 0, 0.310529, 2.70975, -0.162203 )
bones/3/enabled = true
bones/3/bound_children = [  ]
bones/4/name = "shin_viz.L"
bones/4/parent = -1
bones/4/rest = Transform( 0.022255, -0.00191759, 0.999751, 0.174782, -0.98459, -0.00577931, 0.984356, 0.174867, -0.0215771, -0.0927717, 1.10876, 0.364097 )
bones/4/enabled = true
bones/4/bound_children = [  ]
bones/5/name = "shin_viz.R"
bones/5/parent = -1
bones/5/rest = Transform( -0.0242622, -0.00204411, 0.999703, -0.17408, -0.984712, -0.0062383, 0.984432, -0.17418, 0.0235356, -0.0931141, 1.10797, -0.360714 )
bones/5/enabled = true
bones/5/bound_children = [  ]
bones/6/name = "forearm_viz.R"
bones/6/parent = -1
bones/6/rest = Transform( 4.82887e-05, -5.19742e-05, -1, 0.67544, -0.737415, 7.09807e-05, -0.737415, -0.67544, -5.44805e-07, 0.00743572, 2.43181, -0.589943 )
bones/6/enabled = true
bones/6/bound_children = [  ]
bones/7/name = "ribs_hinge"
bones/7/parent = -1
bones/7/rest = Transform( -2.08616e-07, 0.976922, -0.213596, -7.45058e-08, 0.213597, 0.976922, 1, 2.55182e-07, 1.49012e-08, 0.03048, 2.1002, 1.33234e-09 )
bones/7/enabled = true
bones/7/bound_children = [  ]
bones/8/name = "ribs"
bones/8/parent = 7
bones/8/rest = Transform( 1, 2.32757e-07, 8.59074e-08, 2.46911e-07, -0.96756, -0.25265, 2.43145e-08, 0.25265, -0.967558, -5.40946e-09, 2.98023e-08, 0 )
bones/8/enabled = true
bones/8/bound_children = [  ]
bones/9/name = "ribs_flex_hinge"
bones/9/parent = 8
bones/9/rest = Transform( 1, 1.11977e-08, 2.26485e-14, -1.11977e-08, 1, -5.96046e-08, -2.35367e-14, 5.58794e-08, 1, 6.38103e-10, 0.0402759, -0.278861 )
bones/9/enabled = true
bones/9/bound_children = [  ]
bones/10/name = "ribs_flex"
bones/10/parent = 9
bones/10/rest = Transform( 1, -1.11977e-08, 3.55271e-15, 1.11977e-08, 1, 1.86265e-08, -3.33067e-15, -1.11759e-08, 1, 0, 7.45058e-09, 0 )
bones/10/enabled = true
bones/10/bound_children = [  ]
bones/11/name = "ribs_rev"
bones/11/parent = 10
bones/11/rest = Transform( 1, -1.20504e-07, 9.05942e-14, -1.20504e-07, -1, 5.25266e-07, -3.34843e-13, -5.28991e-07, -1, -1.17539e-09, -0.160113, 0.862762 )
bones/11/enabled = true
bones/11/bound_children = [  ]
bones/12/name = "spine_flex_hinge"
bones/12/parent = 8
bones/12/rest = Transform( 1, 4.17334e-09, -3.99918e-09, -4.18334e-09, 0.999997, -0.00250236, 3.98872e-09, 0.00250236, 0.999997, -3.67706e-13, -0.00125704, 0.0361569 )
bones/12/enabled = true
bones/12/bound_children = [  ]
bones/13/name = "spine_flex"
bones/13/parent = 12
bones/13/rest = Transform( 1, 6.08849e-08, 2.72363e-09, -5.99022e-08, 0.99013, -0.140153, -1.123e-08, 0.140153, 0.99013, -2.44222e-11, 0.00125705, -0.0361571 )
bones/13/enabled = true
bones/13/bound_children = [  ]
bones/14/name = "spine_rev"
bones/14/parent = 13
bones/14/rest = Transform( 1, 1.50996e-07, -2.26485e-14, 1.50996e-07, -1, 1.11759e-07, -3.77476e-15, -1.41561e-07, -1, 2.70423e-09, -0.0354194, 0.313289 )
bones/14/enabled = true
bones/14/bound_children = [  ]
bones/15/name = "forearm_viz.L"
bones/15/parent = -1
bones/15/rest = Transform( -4.82425e-05, -5.20546e-05, -1, -0.675432, -0.737422, 7.09462e-05, -0.737422, 0.675432, 3.88957e-07, 0.00743579, 2.43181, 0.589943 )
bones/15/enabled = true
bones/15/bound_children = [  ]
bones/16/name = "tailcloth.004"
bones/16/parent = -1
bones/16/rest = Transform( 0.960957, -0.0107644, -0.276488, 0.276679, 0.0490495, 0.95971, 0.0032309, -0.998739, 0.0501127, 0.240207, 2.97274, -0.138027 )
bones/16/enabled = true
bones/16/bound_children = [  ]
bones/17/name = "tailcloth.005"
bones/17/parent = 16
bones/17/rest = Transform( 0.999998, 3.88785e-05, 0.00223744, -3.96685e-05, 1, 0.000353925, -0.00223741, -0.000354007, 0.999997, 0, 0, -0.136264 )
bones/17/enabled = true
bones/17/bound_children = [  ]
bones/18/name = "tailcloth.006"
bones/18/parent = 17
bones/18/rest = Transform( 0.963243, -0.00401295, 0.268602, -0.0145055, 0.997653, 0.0669239, -0.26824, -0.0683602, 0.960924, 0, -1.49012e-08, -0.136607 )
bones/18/enabled = true
bones/18/bound_children = [  ]
bones/19/name = "tailcloth.007"
bones/19/parent = 18
bones/19/rest = Transform( 1, 4.475e-07, 6.42118e-07, -4.47966e-07, 1, -2.98023e-08, -6.40859e-07, 2.79397e-08, 1, -2.98023e-08, -1.86265e-08, -0.139637 )
bones/19/enabled = true
bones/19/bound_children = [  ]
bones/20/name = "root"
bones/20/parent = -1
bones/20/rest = Transform( -1.19209e-07, 0, -1, 0, 1, 0, 1, 0, -4.37114e-08, 0, 0.00257695, 0 )
bones/20/enabled = true
bones/20/bound_children = [  ]
bones/21/name = "hips_raw"
bones/21/parent = 20
bones/21/rest = Transform( 1, 8.55435e-08, -8.88178e-16, 1.82718e-08, -0.213597, -0.976922, -8.35693e-08, 0.976922, -0.213597, -6.66134e-15, 1.78964, -0.0978195 )
bones/21/enabled = true
bones/21/bound_children = [  ]
bones/22/name = "spine_raw"
bones/22/parent = 21
bones/22/rest = Transform( 1, 1.36561e-08, -7.4726e-09, -1.27327e-08, 0.993701, 0.112063, 8.95588e-09, -0.112063, 0.993701, -7.10543e-15, -5.96046e-08, -0.315265 )
bones/22/enabled = true
bones/22/bound_children = [  ]
bones/23/name = "ribs_raw"
bones/23/parent = 22
bones/23/rest = Transform( 1, -4.43394e-08, -7.3911e-09, 4.49403e-08, 0.989776, 0.142631, 9.91363e-10, -0.142631, 0.989776, 5.32907e-15, -2.98023e-08, -0.281744 )
bones/23/enabled = true
bones/23/bound_children = [  ]
bones/24/name = "shoulder.L"
bones/24/parent = 23
bones/24/rest = Transform( 0.164596, -0.031677, -0.985852, 0.985771, 0.0398582, 0.163301, 0.0341214, -0.998703, 0.0377868, 0.0324293, 0.0579743, -0.456988 )
bones/24/enabled = true
bones/24/bound_children = [  ]
bones/25/name = "upper_arm_raw.L"
bones/25/parent = 24
bones/25/rest = Transform( -0.101775, 0.987911, -0.116932, -0.571956, 0.0380639, 0.819401, 0.813947, 0.150274, 0.561168, -0.0123861, -0.0252988, -0.270639 )
bones/25/enabled = true
bones/25/bound_children = [  ]
bones/26/name = "forearm_raw.L"
bones/26/parent = 25
bones/26/rest = Transform( 0.993759, 0.0747359, 0.082818, -0.0507691, 0.964061, -0.260786, -0.0993316, 0.254954, 0.961838, -1.19209e-07, 3.72529e-08, -0.487843 )
bones/26/enabled = true
bones/26/bound_children = [  ]
bones/27/name = "hand_raw.L"
bones/27/parent = 26
bones/27/rest = Transform( -0.0558133, 0.997718, 0.0379902, -0.997833, -0.0570663, 0.0327393, 0.0348326, -0.0360807, 0.998741, 5.96046e-07, -1.78814e-07, -0.522031 )
bones/27/enabled = true
bones/27/bound_children = [  ]
bones/28/name = "palm.01.L"
bones/28/parent = 27
bones/28/rest = Transform( 0.98246, 0.00535254, 0.186395, -0.0208414, 0.996477, 0.0812367, -0.185303, -0.0836965, 0.979111, -0.0414577, -0.00034833, -0.0775427 )
bones/28/enabled = true
bones/28/bound_children = [  ]
bones/29/name = "finger_index.01.L"
bones/29/parent = 28
bones/29/rest = Transform( 0.999669, -0.0136558, -0.0218054, 0.00899167, 0.979509, -0.201199, 0.0241061, 0.200937, 0.979308, -2.38419e-07, 1.19209e-07, -0.112767 )
bones/29/enabled = true
bones/29/bound_children = [  ]
bones/30/name = "finger_index.02.L"
bones/30/parent = 29
bones/30/rest = Transform( 0.992376, -0.062933, -0.105969, 0.0475958, 0.988793, -0.141502, 0.113686, 0.13538, 0.98425, 0, -2.38419e-07, -0.0793028 )
bones/30/enabled = true
bones/30/bound_children = [  ]
bones/31/name = "finger_index.03.L"
bones/31/parent = 30
bones/31/rest = Transform( 0.997658, -0.0683688, 0.00208574, 0.0659228, 0.952938, -0.29591, 0.0182435, 0.295355, 0.955214, 0, 1.19209e-07, -0.0724866 )
bones/31/enabled = true
bones/31/bound_children = [  ]
bones/32/name = "thumb.01.L"
bones/32/parent = 28
bones/32/rest = Transform( 0.538988, 0.631305, 0.557625, -0.65435, 0.730684, -0.19475, -0.530394, -0.259914, 0.806924, -0.0198248, -0.000106931, 0.0437195 )
bones/32/enabled = true
bones/32/bound_children = [  ]
bones/33/name = "thumb.02.L"
bones/33/parent = 32
bones/33/rest = Transform( 0.957263, 0.0838356, -0.2768, -0.19945, 0.884436, -0.421891, 0.209443, 0.459069, 0.86336, -1.04308e-07, 1.19209e-07, -0.0977504 )
bones/33/enabled = true
bones/33/bound_children = [  ]
bones/34/name = "thumb.03.L"
bones/34/parent = 33
bones/34/rest = Transform( 0.971687, 0.0204946, 0.235382, 0.037396, 0.970333, -0.238862, -0.233294, 0.240901, 0.942094, 5.96046e-08, -2.38419e-07, -0.088571 )
bones/34/enabled = true
bones/34/bound_children = [  ]
bones/35/name = "palm.02.L"
bones/35/parent = 27
bones/35/rest = Transform( 0.990661, -0.0110398, 0.135898, 0.0010599, 0.99731, 0.0732906, -0.136342, -0.0724619, 0.988008, -0.00822878, -0.00533128, -0.0835781 )
bones/35/enabled = true
bones/35/bound_children = [  ]
bones/36/name = "finger_middle.01.L"
bones/36/parent = 35
bones/36/rest = Transform( 0.98724, -0.0476826, -0.151933, 0.0252995, 0.988963, -0.145984, 0.157217, 0.140277, 0.977551, -5.96046e-08, -2.38419e-07, -0.110425 )
bones/36/enabled = true
bones/36/bound_children = [  ]
bones/37/name = "finger_middle.02.L"
bones/37/parent = 36
bones/37/rest = Transform( 0.994393, -0.105616, -0.00532631, 0.0965832, 0.92755, -0.361003, 0.0430683, 0.358464, 0.932549, 1.19209e-07, -3.57628e-07, -0.0861913 )
bones/37/enabled = true
bones/37/bound_children = [  ]
bones/38/name = "finger_middle.03.L"
bones/38/parent = 37
bones/38/rest = Transform( 0.998107, -0.0588561, -0.0178433, 0.055284, 0.985731, -0.158992, 0.0269463, 0.157704, 0.987119, -1.19209e-07, 1.19209e-07, -0.0922254 )
bones/38/enabled = true
bones/38/bound_children = [  ]
bones/39/name = "palm.03.L"
bones/39/parent = 27
bones/39/rest = Transform( 0.998424, -0.0560949, -0.00198898, 0.0560115, 0.993386, 0.10023, -0.00364653, -0.100183, 0.994962, 0.0225709, -0.00293875, -0.0814714 )
bones/39/enabled = true
bones/39/bound_children = [  ]
bones/40/name = "finger_ring.01.L"
bones/40/parent = 39
bones/40/rest = Transform( 0.992839, -0.11458, -0.0337995, 0.104905, 0.971588, -0.212159, 0.0571484, 0.207094, 0.976651, -5.96046e-08, 2.38419e-07, -0.0982083 )
bones/40/enabled = true
bones/40/bound_children = [  ]
bones/41/name = "finger_ring.02.L"
bones/41/parent = 40
bones/41/rest = Transform( 0.993854, -0.0630205, -0.0910071, 0.0408217, 0.972835, -0.22787, 0.102895, 0.222755, 0.969429, 0, -1.19209e-07, -0.0793802 )
bones/41/enabled = true
bones/41/bound_children = [  ]
bones/42/name = "finger_ring.03.L"
bones/42/parent = 41
bones/42/rest = Transform( 0.991207, -0.106261, -0.0788488, 0.0926067, 0.982727, -0.160222, 0.0945123, 0.151511, 0.983927, -1.19209e-07, 0, -0.081179 )
bones/42/enabled = true
bones/42/bound_children = [  ]
bones/43/name = "palm.04.L"
bones/43/parent = 27
bones/43/rest = Transform( 0.991366, -0.0629366, -0.115034, 0.064506, 0.997868, 0.00996825, 0.114161, -0.0173024, 0.993311, 0.0520711, 0.00314295, -0.0755789 )
bones/43/enabled = true
bones/43/bound_children = [  ]
bones/44/name = "finger_pinky.01.L"
bones/44/parent = 43
bones/44/rest = Transform( 0.961469, -0.251884, -0.110146, 0.237931, 0.963129, -0.125585, 0.137718, 0.0945389, 0.98595, 1.19209e-07, 2.38419e-07, -0.0987188 )
bones/44/enabled = true
bones/44/bound_children = [  ]
bones/45/name = "finger_pinky.02.L"
bones/45/parent = 44
bones/45/rest = Transform( 0.999824, -0.01621, -0.00946549, 0.0137965, 0.976513, -0.215016, 0.0127286, 0.214847, 0.976565, -5.96046e-08, 1.19209e-07, -0.0613024 )
bones/45/enabled = true
bones/45/bound_children = [  ]
bones/46/name = "finger_pinky.03.L"
bones/46/parent = 45
bones/46/rest = Transform( 0.988676, -0.0438602, -0.143511, 0.0124489, 0.977009, -0.212834, 0.149546, 0.208637, 0.966492, -5.96046e-08, -1.78814e-07, -0.0522807 )
bones/46/enabled = true
bones/46/bound_children = [  ]
bones/47/name = "upper_arm_IK.L"
bones/47/parent = 24
bones/47/rest = Transform( -0.168394, 0.978671, -0.117671, -0.582394, -0.00246975, 0.812903, 0.795274, 0.205419, 0.570388, -0.0123861, -0.0252988, -0.270639 )
bones/47/enabled = true
bones/47/bound_children = [  ]
bones/48/name = "forearm_IK.L"
bones/48/parent = 47
bones/48/rest = Transform( 0.993424, 0.0835701, 0.0782574, -0.0610965, 0.965021, -0.254954, -0.0968267, 0.248496, 0.963781, 2.38419e-07, -2.23517e-08, -0.487844 )
bones/48/enabled = true
bones/48/bound_children = [  ]
bones/49/name = "shoulder.R"
bones/49/parent = 23
bones/49/rest = Transform( 0.164596, 0.0316772, 0.985852, -0.985771, 0.0398573, 0.163301, -0.0341204, -0.998703, 0.0377868, -0.0324293, 0.0579743, -0.456988 )
bones/49/enabled = true
bones/49/bound_children = [  ]
bones/50/name = "upper_arm_raw.R"
bones/50/parent = 49
bones/50/rest = Transform( -0.101775, -0.987911, 0.116932, 0.571955, 0.0380635, 0.819401, -0.813947, 0.150274, 0.561167, 0.0123861, -0.0252988, -0.270639 )
bones/50/enabled = true
bones/50/bound_children = [  ]
bones/51/name = "forearm_raw.R"
bones/51/parent = 50
bones/51/rest = Transform( 0.993758, -0.0747362, -0.0828183, 0.0507692, 0.964061, -0.260786, 0.0993322, 0.254954, 0.961838, 0, -4.47035e-08, -0.487844 )
bones/51/enabled = true
bones/51/bound_children = [  ]
bones/52/name = "hand_raw.R"
bones/52/parent = 51
bones/52/rest = Transform( -0.055813, -0.997718, -0.0379897, 0.997834, -0.0570661, 0.0327408, -0.034834, -0.0360798, 0.998742, 1.19209e-07, 5.96046e-08, -0.522031 )
bones/52/enabled = true
bones/52/bound_children = [  ]
bones/53/name = "palm.01.R"
bones/53/parent = 52
bones/53/rest = Transform( 0.98246, -0.00539173, -0.186394, 0.0208865, 0.996474, 0.0812656, 0.185298, -0.0837334, 0.979108, 0.041458, -0.000345469, -0.0775424 )
bones/53/enabled = true
bones/53/bound_children = [  ]
bones/54/name = "finger_index.01.R"
bones/54/parent = 53
bones/54/rest = Transform( 0.999667, 0.013813, 0.02179, -0.00914627, 0.979487, -0.201301, -0.0241236, 0.201035, 0.979287, -5.96046e-08, -1.19209e-07, -0.112767 )
bones/54/enabled = true
bones/54/bound_children = [  ]
bones/55/name = "finger_index.02.R"
bones/55/parent = 54
bones/55/rest = Transform( 0.992384, 0.0627477, 0.106007, -0.0474149, 0.988813, -0.141424, -0.113696, 0.13532, 0.984257, 0, 3.57628e-07, -0.0793037 )
bones/55/enabled = true
bones/55/bound_children = [  ]
bones/56/name = "finger_index.03.R"
bones/56/parent = 55
bones/56/rest = Transform( 0.997658, 0.0683689, -0.00208545, -0.065923, 0.952939, -0.295906, -0.0182435, 0.295351, 0.955215, 1.19209e-07, 1.78814e-07, -0.0724869 )
bones/56/enabled = true
bones/56/bound_children = [  ]
bones/57/name = "thumb.01.R"
bones/57/parent = 53
bones/57/rest = Transform( 0.151274, -0.816191, -0.557627, 0.931948, 0.305818, -0.194802, 0.329528, -0.490211, 0.806911, 0.0198244, -0.000107646, 0.0437198 )
bones/57/enabled = true
bones/57/bound_children = [  ]
bones/58/name = "thumb.02.R"
bones/58/parent = 57
bones/58/rest = Transform( 0.952286, 0.303837, 0.0288835, -0.248672, 0.827275, -0.503763, -0.176957, 0.472544, 0.863359, 1.19209e-07, 1.19209e-07, -0.0977504 )
bones/58/enabled = true
bones/58/bound_children = [  ]
bones/59/name = "thumb.03.R"
bones/59/parent = 58
bones/59/rest = Transform( 0.967656, -0.0203365, -0.251452, -0.0371811, 0.974364, -0.221886, 0.249518, 0.224058, 0.942093, -1.78814e-07, 0, -0.0885705 )
bones/59/enabled = true
bones/59/bound_children = [  ]
bones/60/name = "palm.02.R"
bones/60/parent = 52
bones/60/rest = Transform( 0.990662, 0.0110328, -0.135894, -0.00105245, 0.99731, 0.0732961, 0.136337, -0.0724688, 0.988008, 0.00822943, -0.00533116, -0.083578 )
bones/60/enabled = true
bones/60/bound_children = [  ]
bones/61/name = "finger_middle.01.R"
bones/61/parent = 60
bones/61/rest = Transform( 0.987241, 0.0477136, 0.151915, -0.0253294, 0.988959, -0.146007, -0.157204, 0.140296, 0.97755, 5.96046e-08, -2.38419e-07, -0.110425 )
bones/61/enabled = true
bones/61/bound_children = [  ]
bones/62/name = "finger_middle.02.R"
bones/62/parent = 61
bones/62/rest = Transform( 0.994402, 0.10553, 0.00537721, -0.0964852, 0.927567, -0.360985, -0.0430824, 0.358445, 0.932556, -5.96046e-08, 0, -0.0861913 )
bones/62/enabled = true
bones/62/bound_children = [  ]
bones/63/name = "finger_middle.03.R"
bones/63/parent = 62
bones/63/rest = Transform( 0.998107, 0.0588532, 0.0178446, -0.0552809, 0.985731, -0.158991, -0.0269471, 0.157704, 0.987119, 0, 1.78814e-07, -0.0922256 )
bones/63/enabled = true
bones/63/bound_children = [  ]
bones/64/name = "palm.03.R"
bones/64/parent = 52
bones/64/rest = Transform( 0.998422, 0.0561197, 0.00199121, -0.0560365, 0.993387, 0.100212, 0.00364584, -0.100165, 0.994964, -0.0225706, -0.00294042, -0.0814717 )
bones/64/enabled = true
bones/64/bound_children = [  ]
bones/65/name = "finger_ring.01.R"
bones/65/parent = 64
bones/65/rest = Transform( 0.992847, 0.114515, 0.0337913, -0.104846, 0.971605, -0.212109, -0.0571216, 0.207049, 0.976662, 0, -4.76837e-07, -0.0982074 )
bones/65/enabled = true
bones/65/bound_children = [  ]
bones/66/name = "finger_ring.02.R"
bones/66/parent = 65
bones/66/rest = Transform( 0.993854, 0.062987, 0.0910369, -0.0407797, 0.972832, -0.227893, -0.102918, 0.22278, 0.969421, 0, 1.19209e-07, -0.0793804 )
bones/66/enabled = true
bones/66/bound_children = [  ]
bones/67/name = "finger_ring.03.R"
bones/67/parent = 66
bones/67/rest = Transform( 0.991207, 0.106263, 0.0788483, -0.0926083, 0.982727, -0.160222, -0.0945119, 0.151511, 0.983927, -1.19209e-07, 1.19209e-07, -0.0811789 )
bones/67/enabled = true
bones/67/bound_children = [  ]
bones/68/name = "palm.04.R"
bones/68/parent = 52
bones/68/rest = Transform( 0.991371, 0.0628561, 0.115032, -0.0644263, 0.997873, 0.00998008, -0.11416, -0.0173051, 0.993312, -0.0520712, 0.00313902, -0.0755787 )
bones/68/enabled = true
bones/68/bound_children = [  ]
bones/69/name = "finger_pinky.01.R"
bones/69/parent = 68
bones/69/rest = Transform( 0.961468, 0.251887, 0.110146, -0.237934, 0.963128, -0.125588, -0.137719, 0.0945416, 0.985949, 0, 1.19209e-07, -0.0987184 )
bones/69/enabled = true
bones/69/bound_children = [  ]
bones/70/name = "finger_pinky.02.R"
bones/70/parent = 69
bones/70/rest = Transform( 0.999824, 0.0162096, 0.00946537, -0.0137962, 0.976513, -0.215014, -0.0127284, 0.214846, 0.976565, 1.49012e-07, -1.19209e-07, -0.0613029 )
bones/70/enabled = true
bones/70/bound_children = [  ]
bones/71/name = "finger_pinky.03.R"
bones/71/parent = 70
bones/71/rest = Transform( 0.988677, 0.0438569, 0.143512, -0.0124454, 0.977009, -0.212833, -0.149546, 0.208637, 0.966492, -5.96046e-08, 2.38419e-07, -0.0522805 )
bones/71/enabled = true
bones/71/bound_children = [  ]
bones/72/name = "upper_arm_IK.R"
bones/72/parent = 49
bones/72/rest = Transform( -0.204543, -0.971828, 0.1171, 0.585968, -0.0257381, 0.809925, -0.784094, 0.234281, 0.574725, 0.0123861, -0.0252984, -0.270639 )
bones/72/enabled = true
bones/72/bound_children = [  ]
bones/73/name = "forearm_IK.R"
bones/73/parent = 72
bones/73/rest = Transform( 0.993424, -0.0835701, -0.0782574, 0.0610969, 0.965022, -0.254951, 0.0968266, 0.248494, 0.963782, -2.38419e-07, 2.23517e-08, -0.487844 )
bones/73/enabled = true
bones/73/bound_children = [  ]
bones/74/name = "neck"
bones/74/parent = 23
bones/74/rest = Transform( 1, 9.00563e-08, 3.79392e-09, -8.75784e-08, 0.980719, -0.195425, -2.13201e-08, 0.195425, 0.980719, -3.12621e-11, 0.00161047, -0.559245 )
bones/74/enabled = true
bones/74/bound_children = [  ]
bones/75/name = "neck_raw"
bones/75/parent = 74
bones/75/rest = Transform( 1, 1.0256e-07, -1.81904e-08, -1.01027e-07, 0.997526, 0.0702994, 2.53553e-08, -0.0702994, 0.997526, 2.10342e-10, -0.00192803, -0.00143528 )
bones/75/enabled = true
bones/75/bound_children = [  ]
bones/76/name = "head_raw"
bones/76/parent = 75
bones/76/rest = Transform( 1, 2.75088e-07, -8.54798e-09, -2.74096e-07, 0.998238, 0.0593458, 2.48583e-08, -0.0593459, 0.998238, -7.10543e-15, -2.98023e-08, -0.141898 )
bones/76/enabled = true
bones/76/bound_children = [  ]
bones/77/name = "Eye.L"
bones/77/parent = 76
bones/77/rest = Transform( -0.997646, -1.53668e-08, 0.068582, -0.0685574, -0.0267869, -0.997287, 0.00183712, -0.999641, 0.0267239, 0.0637899, 0.158671, -0.174491 )
bones/77/enabled = true
bones/77/bound_children = [  ]
bones/78/name = "Eye.R"
bones/78/parent = 76
bones/78/rest = Transform( -0.997646, -5.82077e-08, -0.0685807, 0.0685561, -0.0267869, -0.997287, -0.00183701, -0.999641, 0.0267239, -0.0637901, 0.158671, -0.174491 )
bones/78/enabled = true
bones/78/bound_children = [  ]
bones/79/name = "eyelid_low.1.L"
bones/79/parent = 76
bones/79/rest = Transform( -0.113033, -0.490108, -0.864302, 0.0243474, 0.868249, -0.49553, 0.993293, -0.0770545, -0.0862075, 0.0396799, 0.177727, -0.166721 )
bones/79/enabled = true
bones/79/bound_children = [  ]
bones/80/name = "eyelid_low.4.L"
bones/80/parent = 76
bones/80/rest = Transform( -0.722867, -0.583909, 0.369478, -0.4524, -0.00424234, -0.891805, 0.5223, -0.811808, -0.261094, 0.0895144, 0.167957, -0.168535 )
bones/80/enabled = true
bones/80/bound_children = [  ]
bones/81/name = "eyelid_high.1.L"
bones/81/parent = 76
bones/81/rest = Transform( 0.678025, -0.335507, -0.654001, -0.0894712, 0.845462, -0.526487, 0.729573, 0.415485, 0.543226, 0.0396797, 0.177726, -0.166721 )
bones/81/enabled = true
bones/81/bound_children = [  ]
bones/82/name = "eyelid_high.4.L"
bones/82/parent = 76
bones/82/rest = Transform( 0.900325, -0.0348469, 0.43382, 0.411534, 0.392501, -0.822547, -0.141612, 0.919091, 0.367719, 0.0895148, 0.167957, -0.168535 )
bones/82/enabled = true
bones/82/bound_children = [  ]
bones/83/name = "radial_high_2.L"
bones/83/parent = 76
bones/83/rest = Transform( -0.695471, -0.715453, -0.0666773, 0.168352, -0.0720297, -0.983091, 0.698554, -0.694937, 0.170543, 0.06379, 0.156978, -0.173547 )
bones/83/enabled = true
bones/83/bound_children = [  ]
bones/84/name = "eyelid_high_lock_2.L"
bones/84/parent = 83
bones/84/rest = Transform( -0.982103, -0.0926249, -0.163996, 0.085885, -0.99516, 0.047737, -0.167624, 0.0327978, 0.985305, -4.76837e-07, 2.38419e-07, -0.0334091 )
bones/84/enabled = true
bones/84/bound_children = [  ]
bones/85/name = "radial_high_1.L"
bones/85/parent = 76
bones/85/rest = Transform( 0.338344, 0.871293, 0.355486, 0.0240261, 0.369644, -0.928863, -0.940715, 0.322816, 0.104133, 0.0637901, 0.156978, -0.173547 )
bones/85/enabled = true
bones/85/bound_children = [  ]
bones/86/name = "eyelid_high_lock_1.L"
bones/86/parent = 85
bones/86/rest = Transform( 0.0150932, 0.998564, -0.051408, -0.926299, -0.005395, -0.376751, -0.376487, 0.0533055, 0.924887, 0, -1.19209e-07, -0.0330505 )
bones/86/enabled = true
bones/86/bound_children = [  ]
bones/87/name = "eyelid_high.2.L"
bones/87/parent = 86
bones/87/rest = Transform( -0.498232, 0.133186, 0.856754, -0.866569, -0.109188, -0.486967, 0.0286898, -0.985058, 0.169816, 0, -7.15256e-07, 4.47035e-08 )
bones/87/enabled = true
bones/87/bound_children = [  ]
bones/88/name = "radial_high_3.L"
bones/88/parent = 76
bones/88/rest = Transform( -0.192059, 0.80973, -0.554483, 0.0589584, -0.55446, -0.830119, -0.979611, -0.192123, 0.0587485, 0.0637899, 0.156978, -0.173547 )
bones/88/enabled = true
bones/88/bound_children = [  ]
bones/89/name = "eyelid_high_lock.3.L"
bones/89/parent = 88
bones/89/rest = Transform( -0.481541, 0.871473, -0.0930146, -0.777174, -0.375541, 0.504944, 0.405115, 0.31544, 0.858125, 0, -1.19209e-07, -0.0317599 )
bones/89/enabled = true
bones/89/bound_children = [  ]
bones/90/name = "eyelid_high.3.L"
bones/90/parent = 89
bones/90/rest = Transform( 0.567707, -0.598998, -0.564721, -0.0512363, 0.658943, -0.750446, 0.821635, 0.454968, 0.343396, 0, 0, -5.96046e-08 )
bones/90/enabled = true
bones/90/bound_children = [  ]
bones/91/name = "radial_low_2.L"
bones/91/parent = 76
bones/91/rest = Transform( -0.400204, -0.912203, -0.0878726, -0.230698, 0.19308, -0.953676, 0.886913, -0.361393, -0.287715, 0.06379, 0.156978, -0.173547 )
bones/91/enabled = true
bones/91/bound_children = [  ]
bones/92/name = "eyelid_low_lock_2.L"
bones/92/parent = 91
bones/92/rest = Transform( 0.369305, 0.893944, 0.253927, -0.861466, 0.431802, -0.267252, -0.348554, -0.120052, 0.929569, 2.38419e-07, -1.19209e-07, -0.0326599 )
bones/92/enabled = true
bones/92/bound_children = [  ]
bones/93/name = "radial_low_1.L"
bones/93/parent = 76
bones/93/rest = Transform( -0.3839, 0.847684, 0.366132, 0.107666, 0.434904, -0.894017, -0.917076, -0.303793, -0.258226, 0.0637898, 0.156978, -0.173548 )
bones/93/enabled = true
bones/93/bound_children = [  ]
bones/94/name = "eyelid_low_lock_1.L"
bones/94/parent = 93
bones/94/rest = Transform( 0.975115, -0.178433, -0.131575, 0.103211, 0.890616, -0.442889, 0.196209, 0.418288, 0.886869, -4.76837e-07, 0, -0.0313168 )
bones/94/enabled = true
bones/94/bound_children = [  ]
bones/95/name = "eyelid_low.2.L"
bones/95/parent = 94
bones/95/rest = Transform( -0.951737, 0.0578461, 0.301414, -0.306821, -0.203582, -0.929739, 0.00758067, -0.977348, 0.211505, 4.76837e-07, 1.78814e-07, -1.49012e-08 )
bones/95/enabled = true
bones/95/bound_children = [  ]
bones/96/name = "radial_low_3.L"
bones/96/parent = 76
bones/96/rest = Transform( 0.722927, -0.272914, -0.63474, -0.679423, -0.113878, -0.724856, 0.125541, 0.955275, -0.26775, 0.0637899, 0.156978, -0.173547 )
bones/96/enabled = true
bones/96/bound_children = [  ]
bones/97/name = "eyelid_low_lock_3.L"
bones/97/parent = 96
bones/97/rest = Transform( -0.334009, -0.660549, 0.672394, 0.93566, -0.318576, 0.151821, 0.113923, 0.679842, 0.724456, 1.19209e-07, -7.15256e-07, -0.0323762 )
bones/97/enabled = true
bones/97/bound_children = [  ]
bones/98/name = "eyelid_low.3.L"
bones/98/parent = 97
bones/98/rest = Transform( 0.512321, -0.644392, -0.567703, 0.0508711, 0.682657, -0.728966, 0.857286, 0.344585, 0.38252, 4.76837e-07, 1.19209e-07, 5.96046e-08 )
bones/98/enabled = true
bones/98/bound_children = [  ]
bones/99/name = "eyelid_low.1.R"
bones/99/parent = 76
bones/99/rest = Transform( -0.110745, -0.490804, 0.864203, -0.35455, -0.792826, -0.495702, 0.928456, -0.3613, -0.0862132, -0.03968, 0.177727, -0.166722 )
bones/99/enabled = true
bones/99/bound_children = [  ]
bones/100/name = "eyelid_low.4.R"
bones/100/parent = 76
bones/100/rest = Transform( 0.722566, 0.584169, -0.369654, -0.0978785, -0.442884, -0.89122, -0.684337, 0.680147, -0.262835, -0.0895146, 0.167957, -0.168534 )
bones/100/enabled = true
bones/100/bound_children = [  ]
bones/101/name = "eyelid_high.1.R"
bones/101/parent = 76
bones/101/rest = Transform( -0.678518, 0.335942, 0.653266, -0.725792, -0.443768, -0.525639, 0.113314, -0.830791, 0.544928, -0.03968, 0.177726, -0.166722 )
bones/101/enabled = true
bones/101/bound_children = [  ]
bones/102/name = "eyelid_high.4.R"
bones/102/parent = 76
bones/102/rest = Transform( -0.900165, 0.0353049, -0.434116, 0.380144, -0.422799, -0.822636, -0.212587, -0.905535, 0.367168, -0.0895148, 0.167957, -0.168535 )
bones/102/enabled = true
bones/102/bound_children = [  ]
bones/103/name = "radial_high_2.R"
bones/103/parent = 76
bones/103/rest = Transform( 0.695548, 0.71548, 0.0655871, -0.0778189, 0.16577, -0.983089, -0.714253, 0.678682, 0.170979, -0.0637898, 0.156978, -0.173548 )
bones/103/enabled = true
bones/103/bound_children = [  ]
bones/104/name = "eyelid_high_lock_2.R"
bones/104/parent = 103
bones/104/rest = Transform( -0.994523, -0.0904611, 0.0523551, 0.0808887, -0.983375, -0.162574, 0.0661914, -0.157449, 0.985306, -7.15256e-07, 2.38419e-07, -0.0334089 )
bones/104/enabled = true
bones/104/bound_children = [  ]
bones/105/name = "radial_high_1.R"
bones/105/parent = 76
bones/105/rest = Transform( 0.338337, 0.871296, -0.355488, -0.233034, -0.288423, -0.928712, -0.911714, 0.397059, 0.105457, -0.0637903, 0.156978, -0.173547 )
bones/105/enabled = true
bones/105/bound_children = [  ]
bones/106/name = "eyelid_high_lock_1.R"
bones/106/parent = 105
bones/106/rest = Transform( 0.00733969, 0.976256, 0.216496, -0.947848, -0.0621953, 0.312595, 0.318638, -0.207499, 0.924886, 7.15256e-07, 2.38419e-07, -0.0330508 )
bones/106/enabled = true
bones/106/bound_children = [  ]
bones/107/name = "eyelid_high.2.R"
bones/107/parent = 106
bones/107/rest = Transform( 0.158335, 0.208021, -0.965224, -0.0766772, 0.977194, 0.198022, 0.984404, 0.0426568, 0.170675, 3.57628e-07, -2.38419e-07, 2.98023e-08 )
bones/107/enabled = true
bones/107/bound_children = [  ]
bones/108/name = "radial_high_3.R"
bones/108/parent = 76
bones/108/rest = Transform( -0.192506, 0.809793, 0.554236, -0.196222, 0.521626, -0.830302, -0.961477, -0.268592, 0.0584832, -0.0637901, 0.156978, -0.173547 )
bones/108/enabled = true
bones/108/bound_children = [  ]
bones/109/name = "eyelid_high_lock.3.R"
bones/109/parent = 108
bones/109/rest = Transform( -0.474451, 0.868451, 0.143836, -0.795331, -0.352871, -0.49288, -0.377287, -0.348245, 0.858126, 0, 2.98023e-07, -0.0317599 )
bones/109/enabled = true
bones/109/bound_children = [  ]
bones/110/name = "eyelid_high.3.R"
bones/110/parent = 109
bones/110/rest = Transform( 0.0250488, -0.552449, 0.833171, 0.58939, 0.681336, 0.434052, -0.807461, 0.48019, 0.342674, 0, 2.38419e-07, 0 )
bones/110/enabled = true
bones/110/bound_children = [  ]
bones/111/name = "radial_low_2.R"
bones/111/parent = 76
bones/111/rest = Transform( -0.400186, -0.912168, 0.0883199, -0.299456, 0.0390738, -0.953309, 0.866127, -0.40795, -0.28879, -0.0637899, 0.156978, -0.173547 )
bones/111/enabled = true
bones/111/bound_children = [  ]
bones/112/name = "eyelid_low_lock_2.R"
bones/112/parent = 111
bones/112/rest = Transform( -0.376832, -0.849784, 0.368599, 0.913183, -0.407507, -0.0059047, 0.155225, 0.334373, 0.92957, 4.76837e-07, 1.19209e-07, -0.03266 )
bones/112/enabled = true
bones/112/bound_children = [  ]
bones/113/name = "radial_low_1.R"
bones/113/parent = 76
bones/113/rest = Transform( 0.383375, -0.847685, -0.366679, -0.398009, 0.206627, -0.893809, 0.833434, 0.488605, -0.258171, -0.0637904, 0.156978, -0.173547 )
bones/113/enabled = true
bones/113/bound_children = [  ]
bones/114/name = "eyelid_low_lock_1.R"
bones/114/parent = 113
bones/114/rest = Transform( -0.518909, 0.744788, 0.419552, -0.85276, -0.485151, -0.193467, 0.0594542, -0.458169, 0.886874, 2.38419e-07, -1.19209e-07, -0.0313168 )
bones/114/enabled = true
bones/114/bound_children = [  ]
bones/115/name = "eyelid_low.2.R"
bones/115/parent = 114
bones/115/rest = Transform( -0.612174, 0.545798, 0.572142, 0.242369, -0.55922, 0.792799, 0.752662, 0.624001, 0.210056, -2.38419e-07, 4.76837e-07, -4.17233e-07 )
bones/115/enabled = true
bones/115/bound_children = [  ]
bones/116/name = "radial_low_3.R"
bones/116/parent = 76
bones/116/rest = Transform( -0.722913, 0.273195, 0.634635, -0.433846, 0.535386, -0.724665, -0.537749, -0.799204, -0.268513, -0.0637899, 0.156978, -0.173547 )
bones/116/enabled = true
bones/116/bound_children = [  ]
bones/117/name = "eyelid_low_lock_3.R"
bones/117/parent = 116
bones/117/rest = Transform( 0.0423121, -0.913884, 0.403764, 0.802436, -0.209681, -0.558686, 0.595236, 0.347634, 0.724461, 1.19209e-07, 0, -0.0323765 )
bones/117/enabled = true
bones/117/bound_children = [  ]
bones/118/name = "eyelid_low.3.R"
bones/118/parent = 117
bones/118/rest = Transform( -0.683009, 0.550927, -0.47956, 0.0622279, -0.610285, -0.789734, -0.727755, -0.569237, 0.382547, 0, 1.19209e-07, 3.12924e-07 )
bones/118/enabled = true
bones/118/bound_children = [  ]
bones/119/name = "Jaw"
bones/119/parent = 76
bones/119/rest = Transform( -1, -1.94877e-06, 4.13971e-07, -1.09349e-06, 0.363194, -0.931713, 1.66534e-06, -0.931713, -0.363195, 2.23534e-07, 0.022751, -0.0405493 )
bones/119/enabled = true
bones/119/bound_children = [  ]
bones/120/name = "lips_corner_move.01"
bones/120/parent = 76
bones/120/rest = Transform( -1, -2.3048e-07, 3.91834e-07, -3.8552e-07, -0.0267858, -0.999641, 2.40893e-07, -0.999641, 0.0267858, 0.0450952, 0.20022, -0.0365343 )
bones/120/enabled = true
bones/120/bound_children = [  ]
bones/121/name = "lips_upper.04"
bones/121/parent = 120
bones/121/rest = Transform( 0.593417, -0.496115, -0.633818, 0.456346, 0.856036, -0.242797, 0.663026, -0.14516, 0.734387, -3.09083e-07, -2.38419e-07, -5.96046e-08 )
bones/121/enabled = true
bones/121/bound_children = [  ]
bones/122/name = "lips_lower.04"
bones/122/parent = 120
bones/122/rest = Transform( 0.0864256, 0.710539, -0.69833, -0.682336, 0.552958, 0.478179, 0.725912, 0.435168, 0.532616, 1.45403e-07, -2.38419e-07, -1.49012e-08 )
bones/122/enabled = true
bones/122/bound_children = [  ]
bones/123/name = "lips_corner_move.02"
bones/123/parent = 76
bones/123/rest = Transform( -1, 7.93881e-09, 3.91834e-07, -3.91906e-07, -0.0267858, -0.999641, 2.55956e-09, -0.999641, 0.0267858, -0.0450949, 0.20022, -0.0365343 )
bones/123/enabled = true
bones/123/bound_children = [  ]
bones/124/name = "lips_upper.01"
bones/124/parent = 123
bones/124/rest = Transform( 0.593418, 0.496114, 0.633818, -0.456344, 0.856037, -0.242797, -0.663027, -0.145159, 0.734387, 8.56514e-09, -2.38419e-07, -1.3411e-07 )
bones/124/enabled = true
bones/124/bound_children = [  ]
bones/125/name = "lips_lower.01"
bones/125/parent = 123
bones/125/rest = Transform( 0.0889517, -0.73357, 0.673768, 0.684518, 0.536415, 0.493655, -0.723549, 0.417294, 0.549856, 1.61302e-07, -2.38419e-07, -8.9407e-08 )
bones/125/enabled = true
bones/125/bound_children = [  ]
bones/126/name = "lips_upper_move.02"
bones/126/parent = 76
bones/126/rest = Transform( -1, 9.21068e-08, 5.50274e-07, -5.52544e-07, -0.0267872, -0.999641, -7.73336e-08, -0.999641, 0.0267873, 0.0243787, 0.224003, -0.0451105 )
bones/126/enabled = true
bones/126/bound_children = [  ]
bones/127/name = "lips_upper.03"
bones/127/parent = 126
bones/127/rest = Transform( 0.220528, -0.1957, -0.955546, 0.195701, 0.968621, -0.153213, 0.955546, -0.153214, 0.251906, -6.2254e-08, -7.15256e-07, 0 )
bones/127/enabled = true
bones/127/bound_children = [  ]
bones/128/name = "lips_upper_move.01"
bones/128/parent = 76
bones/128/rest = Transform( 1, 1.37044e-07, 4.44648e-07, 4.40817e-07, 0.0267875, -0.999641, -1.48906e-07, 0.999641, 0.0267873, 1.31028e-07, 0.230323, -0.04919 )
bones/128/enabled = true
bones/128/bound_children = [  ]
bones/129/name = "lips_upper_move.03"
bones/129/parent = 76
bones/129/rest = Transform( -1, 9.21068e-08, 5.50274e-07, -5.52544e-07, -0.0267872, -0.999641, -7.73336e-08, -0.999641, 0.0267873, -0.0243784, 0.224003, -0.0451105 )
bones/129/enabled = true
bones/129/bound_children = [  ]
bones/130/name = "lips_upper.02"
bones/130/parent = 129
bones/130/rest = Transform( 0.220527, 0.1957, 0.955546, -0.195701, 0.968621, -0.153213, -0.955546, -0.153214, 0.251906, 3.83289e-08, -4.76837e-07, -2.98023e-08 )
bones/130/enabled = true
bones/130/bound_children = [  ]
bones/131/name = "eyelid_low_move_1.L"
bones/131/parent = 76
bones/131/rest = Transform( 1, 1.19156e-08, -3.54244e-07, 3.54436e-07, -0.026788, 0.999641, 2.42185e-09, -0.999641, -0.0267879, 0.0523153, 0.184978, -0.165482 )
bones/131/enabled = true
bones/131/bound_children = [  ]
bones/132/name = "eyelid_low_move_2.L"
bones/132/parent = 76
bones/132/rest = Transform( 0.998154, -0.000819979, -0.0607282, 0.0607284, 0.000189136, 0.998154, -0.000806984, -0.999999, 0.00023859, 0.0666506, 0.188119, -0.16413 )
bones/132/enabled = true
bones/132/bound_children = [  ]
bones/133/name = "eyelid_low_move_3.L"
bones/133/parent = 76
bones/133/rest = Transform( 0.999878, 6.42275e-05, 0.0156398, -0.0156359, -0.0185784, 0.999705, 0.000354769, -0.999827, -0.018575, 0.0843488, 0.180433, -0.164863 )
bones/133/enabled = true
bones/133/bound_children = [  ]
bones/134/name = "eyelid_high_move_3.L"
bones/134/parent = 76
bones/134/rest = Transform( 0.998803, 0.0004393, 0.0489058, -0.0489, -0.00883481, 0.998764, 0.000870821, -0.999961, -0.00880254, 0.0813956, 0.183346, -0.175419 )
bones/134/enabled = true
bones/134/bound_children = [  ]
bones/135/name = "eyelid_high_move_2.L"
bones/135/parent = 76
bones/135/rest = Transform( 0.999892, 5.13356e-05, -0.014697, 0.0146904, -0.0337668, 0.999322, -0.000444969, -0.99943, -0.0337638, 0.0660011, 0.189826, -0.179228 )
bones/135/enabled = true
bones/135/bound_children = [  ]
bones/136/name = "eyelid_high_move_1.L"
bones/136/parent = 76
bones/136/rest = Transform( 0.999854, -2.67054e-05, 0.0171043, -0.0170974, -0.0299091, 0.999406, 0.000484884, -0.999552, -0.0299052, 0.0520488, 0.187678, -0.17701 )
bones/136/enabled = true
bones/136/bound_children = [  ]
bones/137/name = "eyelid_low_move_1.R"
bones/137/parent = 76
bones/137/rest = Transform( 1, 1.59884e-08, -3.54244e-07, 3.54545e-07, -0.026788, 0.999641, 6.49323e-09, -0.999641, -0.0267879, -0.0523155, 0.184978, -0.165482 )
bones/137/enabled = true
bones/137/bound_children = [  ]
bones/138/name = "eyelid_low_move_2.R"
bones/138/parent = 76
bones/138/rest = Transform( 0.998154, 0.000819957, 0.0607268, -0.0607269, 0.000189072, 0.998154, 0.000806957, -1, 0.000238592, -0.0666508, 0.188119, -0.16413 )
bones/138/enabled = true
bones/138/bound_children = [  ]
bones/139/name = "eyelid_low_move_3.R"
bones/139/parent = 76
bones/139/rest = Transform( 0.999878, -6.4207e-05, -0.0156398, 0.0156359, -0.0185784, 0.999705, -0.000354749, -0.999827, -0.018575, -0.084349, 0.180433, -0.164863 )
bones/139/enabled = true
bones/139/bound_children = [  ]
bones/140/name = "eyelid_high_move_3.R"
bones/140/parent = 76
bones/140/rest = Transform( 0.998803, -0.000439285, -0.0489058, 0.0489, -0.00883481, 0.998764, -0.000870806, -0.999961, -0.00880254, -0.0813957, 0.183345, -0.17542 )
bones/140/enabled = true
bones/140/bound_children = [  ]
bones/141/name = "eyelid_high_move_2.R"
bones/141/parent = 76
bones/141/rest = Transform( 0.999892, -5.13008e-05, 0.0146957, -0.014689, -0.0337668, 0.999322, 0.000444959, -0.99943, -0.0337638, -0.0660013, 0.189826, -0.179229 )
bones/141/enabled = true
bones/141/bound_children = [  ]
bones/142/name = "eyelid_high_move_1.R"
bones/142/parent = 76
bones/142/rest = Transform( 0.999854, 2.67383e-05, -0.017105, 0.0170981, -0.0299091, 0.999406, -0.000484873, -0.999552, -0.0299052, -0.052049, 0.187678, -0.17701 )
bones/142/enabled = true
bones/142/bound_children = [  ]
bones/143/name = "EyeBrow_Inner.L"
bones/143/parent = 76
bones/143/rest = Transform( -1, -2.89985e-08, 4.29775e-07, -4.28844e-07, -0.0267869, -0.999641, 4.05003e-08, -0.999641, 0.026787, 0.0207074, 0.215648, -0.196409 )
bones/143/enabled = true
bones/143/bound_children = [  ]
bones/144/name = "EyeBrow_Outer.01.L"
bones/144/parent = 76
bones/144/rest = Transform( -1, -1.50996e-07, 5.68434e-14, 4.04475e-09, -0.0267869, -0.999641, 1.50942e-07, -0.999641, 0.026787, 0.072981, 0.208198, -0.206452 )
bones/144/enabled = true
bones/144/bound_children = [  ]
bones/145/name = "Eyebrow.L.01"
bones/145/parent = 144
bones/145/rest = Transform( 0.0916552, 0.213828, -0.972562, -0.213828, 0.958116, 0.1905, 0.972562, 0.1905, 0.133539, 1.58194e-07, -2.38419e-07, 1.19209e-07 )
bones/145/enabled = true
bones/145/bound_children = [  ]
bones/146/name = "EyeBrow_Inner.R"
bones/146/parent = 76
bones/146/rest = Transform( -1, -2.89985e-08, 4.29775e-07, -4.28844e-07, -0.0267869, -0.999641, 4.05003e-08, -0.999641, 0.026787, -0.0207076, 0.215647, -0.196409 )
bones/146/enabled = true
bones/146/bound_children = [  ]
bones/147/name = "EyeBrow_Outer.01.R"
bones/147/parent = 76
bones/147/rest = Transform( -1, 1.46278e-07, 1.7191e-06, -1.7224e-06, -0.0267888, -0.999641, -1.00173e-07, -0.999641, 0.0267887, -0.0729812, 0.208198, -0.206452 )
bones/147/enabled = true
bones/147/bound_children = [  ]
bones/148/name = "Eyebrow.R.01"
bones/148/parent = 147
bones/148/rest = Transform( 0.0916544, -0.213828, 0.972562, 0.213825, 0.958117, 0.190501, -0.972563, 0.190498, 0.133537, -1.7409e-08, 0, 1.3411e-07 )
bones/148/enabled = true
bones/148/bound_children = [  ]
